,Open
0,90.089996
1,89.540001
2,90.160004
3,89.860001
4,92.739998
5,94.360001
6,95.419998
7,94.404999
8,94.489998
9,92.5
10,90.565002
11,93.07
12,93.540001
13,96.57
14,100.839996
15,101.059998
16,101.980003
17,105.139999
18,105.889999
19,105.739998
20,105.32
21,103.0
22,102.720001
23,101.440002
24,101.709999
25,102.669998
26,104.839996
27,106.120003
28,105.769997
29,107.389999
30,106.919998
31,107.389999
32,106.470001
33,107.690002
34,105.43
35,107.0
36,104.214996
37,104.650002
38,106.089996
39,106.050003
40,106.610001
41,105.559998
42,105.230003
43,107.800003
44,107.720001
45,107.660004
46,106.220001
47,106.160004
48,105.32
49,105.794998
50,108.779999
51,108.550003
52,115.860001
53,117.0
54,116.489998
55,116.830002
56,120.18
57,121.559998
58,124.199997
59,123.510002
60,124.93
61,121.879997
62,125.209999
63,124.065002
64,126.290001
65,123.699997
66,123.5
67,124.489998
68,124.610001
69,126.599998
70,127.574997
71,122.584999
72,122.559998
73,123.394997
74,125.650002
75,123.800003
76,123.879997
77,126.699997
78,123.535004
79,123.235001
80,120.660004
81,122.040001
82,121.466003
83,117.839996
84,117.959999
85,120.089996
86,121.099998
87,120.32
88,120.059998
89,120.639999
90,120.889999
91,119.07
92,116.760002
93,119.300003
94,121.540001
95,125.129997
96,126.059998
97,124.904999
98,124.790001
99,122.120003
100,120.870003
101,121.926003
102,121.879997
103,130.360001
104,131.800003
105,130.970001
106,133.009995
107,130.854996
108,129.839996
109,128.369995
110,129.600006
111,129.509995
112,130.979996
113,132.190002
114,131.970001
115,129.201996
116,129.850006
117,131.589996
118,129.279999
119,130.449997
120,129.059998
121,127.849998
122,129.130005
123,130.850006
124,134.727005
125,130.139999
126,132.080002
127,132.998001
128,135.570007
129,137.050003
130,138.429993
131,136.440002
132,137.014999
133,134.600006
134,135.869995
135,137.380005
136,137.130005
137,135.899994
138,138.389999
139,138.800003
140,137.630005
141,138.25
142,138.830002
143,132.389999
144,131.679993
145,130.770004
146,130.914001
147,129.440002
148,130.690002
149,134.080002
150,132.154999
151,134.929993
152,133.660004
153,136.130005
154,134.940002
155,137.990005
156,139.509995
157,139.850006
158,142.160004
159,140.649994
160,139.729996
161,140.029999
162,140.75
163,139.800003
164,138.589996
165,136.229996
166,139.160004
167,129.770004
168,124.470001
169,124.029999
170,124.459999
171,126.269997
172,125.339996
173,129.559998
174,129.089996
